5.39441612018363
5.17720967607205
4.80775921746681
5.91953358560052
3.63067309121933
4.69442496747107
4.04681116476875
5.81605072356477
5.89314985148555
6.12437295054894
4.59815953323681
5.34844426980126
4.34711826337065
3.96101133084788
4.9411610483068
4.41912508909431
5.07084320315534
5.8550440522588
4.57057657960311
4.17031890844548
5.43666381941886
5.2912536386266
3.67946065703789
4.92362342673127
5.47058026001571
5.10001323453728
5.21247483607724
5.5214122022835
4.31821442209445
5.7595196469559
5.76191470413035
5.07315086695026
5.14179398832665
4.97831045555683
5.00880706902471
4.81860686120153
4.55633085268079
5.64344017913845
4.93985493850968
5.1942162409051
4.22244734331836
4.8040556900392
5.2496617874331
5.20084737505045
4.43976543779003
5.20492437321437
5.03194564528178
4.86785456776929
4.74366353481772
4.02723978271996
5.45491811523958
6.21214475653896
4.82470845013483
3.8070260891158
5.88747398806185
5.13686309677599
4.09670021354384
5.42828415355234
4.60370389763827
5.98671711631971
3.42601904434121
4.76445375618243
5.70894156768709
4.24331188574616
4.66220506601097
4.28201229874743
4.62740808249886
4.71741736075663
5.42652061338201
6.12778399024653
4.458491816401
5.21050679014678
4.3704570014751
5.80018816164096
3.94430372415749
5.64898980836448
5.55424090366542
5.95441628424835
5.45976830404777
5.65668998570967
4.22912705468297
3.55029536658227
4.13992100473581
4.04575988560511
4.32529451371929
4.73025959844711
4.48717767466903
5.08833143992395
5.1696201256853
4.54464064903988
3.68694477670411
5.40840360106694
4.63329103019273
5.84849231916574
4.69699809705423
5.21812490853691
4.75239491934917
6.11484288460341
3.96407491498477
4.15233058306292